cam_model: EquidistantCamera
cam_width: 1280
cam_height: 1024
scale: 0.5
cam_fx: 540.645056202188
cam_fy: 539.8545023658869
cam_cx: 626.4125666883942
cam_cy: 523.947634226782
k1: -0.07015146608431883
k2: 0.008586142263125124
k3: -0.021968993685891842
k4: 0.007442211946112636