cam_model: Pinhole
cam_width: 1224
cam_height: 1024
scale: 0.5
cam_fx: 1.175503521179938e+03
cam_fy: 1.175686431236336e+03
cam_cx: 6.172508855428520e+02
cam_cy: 5.139372491002910e+02
cam_d0: -0.056738764215225
cam_d1: 0.137664290829160
cam_d2: -0.076759610407123
cam_d3: 7.198625510080136e-04
cam_d4: -6.529195031528032e-05